9.492558303 0.52736435 1.699285128 2.988397984 0.234384156 0.644556428 0.644556428 0.878940584 0.410172272 3.515762334 0.234384156 0.878940584 2.343841556 0.410172272 0.410172272 0.878940584 1.347708895 1.347708895 0 0.175788117 0.175788117 1.464900973 1.816477206 1.640689089 2.16805344 0.234384156 0.585960389 0.234384156 0.351576233 4.218914801 0.058596039 0.292980195 0.234384156 1.640689089
1.204819277 3.892493049 1.668211307 3.985171455 0.185356812 0.834105653 0.926784059 0.648748842 0.46339203 2.873030584 0.278035218 0.370713624 1.390176089 0.556070436 0.648748842 0.741427247 1.297497683 1.112140871 0.092678406 0.278035218 0.278035218 1.668211307 1.112140871 1.482854495 2.224281742 0.370713624 0.278035218 0.556070436 0.556070436 3.336422614 0.185356812 0.278035218 0.834105653 1.482854495
0.844651666 0.371646733 17.09574971 3.885397662 0.709507399 0.371646733 0.878437732 0.709507399 0.371646733 3.311034529 0.1013582 0.810865599 2.162308264 0.844651666 1.081154132 0.946009866 1.182512332 1.756875465 0 0.135144267 0.168930333 1.554159065 1.824447598 1.621731198 2.162308264 0.270288533 0.337860666 0.371646733 0.641935266 4.493546861 0.777079532 0.439218866 0.574363133 4.696263261
0.15401717 0.127231575 0.575890286 21.48204696 0.589283084 0.917406619 0.542408293 0.595979482 0.30133794 4.225427565 0.093749581 0.361605529 1.191958964 1.533475297 1.774545649 1.024548998 0.944192213 1.754456453 0.053571189 0.113838778 0.167409967 1.774545649 1.533475297 4.09819599 1.72097446 0.696425462 0.341516333 0.515622698 0.662943469 3.736590462 0.220981156 0.287945143 0.937495815 1.312494141
0.129254632 0.043084877 0.30159414 4.093063335 15.76906506 0.517018526 0.77552779 0.215424386 0.258509263 4.049978458 0.30159414 0.430848772 0.861697544 0.646273158 0.861697544 1.034037053 0.904782421 2.498922878 0.043084877 0.086169754 0.258509263 1.206376562 1.464885825 1.766479966 2.111158983 0.344679018 0.129254632 0.430848772 1.034037053 3.145196036 0.30159414 0.387763895 0.689358035 3.791469194
0.181196935 0.077655829 0.284738041 3.494512321 0.4400497 14.44398426 0.621246635 0.517705529 0.388279147 2.329674881 0.051770553 0.517705529 0.931869952 0.905984676 1.320149099 0.80244357 0.880099399 1.941395734 0.051770553 0.077655829 0.051770553 1.579001864 1.915510458 1.915510458 1.24249327 0.569476082 0.621246635 0.181196935 0.828328847 3.132118451 0.207082212 0.181196935 0.595361358 0.80244357
0.11763322 0 0.11763322 1.999764734 1.176332196 0.470532878 12.05740501 0.588166098 0.235266439 1.999764734 0.05881661 0.294083049 1.117515586 1.176332196 0.999882367 0.705799318 1.058698977 1.646865075 0 0.11763322 0 1.176332196 0.941065757 1.293965416 0.823432537 0.411716269 0.294083049 0.411716269 1.235148806 2.470297612 0.294083049 0.235266439 0.999882367 0.882249147
0.468713382 0.117178345 2.109210218 3.398172018 0.351535036 0.351535036 0.468713382 23.43566909 0.351535036 2.343566909 0.234356691 0.351535036 2.5779236 0.351535036 0.820248418 0.703070073 0.351535036 1.406140145 0 0 0.117178345 1.406140145 2.343566909 1.640496836 1.757675182 0.351535036 0.585891727 0.351535036 1.2889618 1.992031873 0.703070073 0.117178345 0.937426764 1.054605109
0.306325624 0 0.689232654 5.820186859 0.153162812 0.38290703 0.76581406 0.842395466 18.68586307 4.05881452 0 2.144279369 1.914535151 0.612651248 0.38290703 0.842395466 0.689232654 2.067697963 0 0 0.459488436 1.378465309 1.455046715 1.301883903 0.76581406 0.306325624 0.38290703 0.612651248 0.38290703 4.518302956 0.153162812 0.229744218 0.612651248 1.455046715
0.916669549 0.155660867 0.518869556 8.855373759 0.588052164 1.089626068 0.588052164 0.639939119 0.518869556 24.52523436 0.155660867 0.657234771 1.816043447 0.812895638 1.124217372 1.072330416 2.196547788 2.421391262 0.017295652 0.224843474 0.103773911 2.577052129 4.220139057 2.110069529 1.314469542 0.933965201 3.735860805 1.003147809 0.83019129 4.42768688 0.345913037 0.27673043 0.83019129 1.712269535
0 0 0.302663438 1.513317191 0.302663438 0 0 0.302663438 0.302663438 2.118644068 12.10653753 0 2.118644068 0.302663438 1.513317191 0 0.605326877 2.421307506 0 0 0.605326877 0.302663438 1.513317191 1.513317191 2.118644068 0.605326877 0.907990315 0 1.210653753 2.118644068 3.026634383 0 0.605326877 1.81598063
0.190186383 0.063395461 0.538861418 3.423354888 0.221884113 1.109420565 1.077722835 0.570559148 0.7290478 1.996957018 0 9.192341828 1.394700139 0.475465957 1.014327374 0.855838722 0.69735007 1.743375174 0 0.03169773 0.253581844 0.982629644 1.996957018 1.616584253 1.109420565 0.285279574 0.285279574 0.253581844 0.633954609 5.356916445 0.285279574 0.221884113 0.538861418 0.855838722
0.217539934 0.139847101 0.652619802 2.998943377 0.341848468 0.357387035 0.450618435 0.870159736 0.279694201 2.051090807 0.108769967 0.435079868 17.6051961 0.497234135 0.792466903 0.621542669 0.978929704 1.429548138 0.031077133 0.0932314 0.077692834 1.134315371 1.616010939 1.072161104 1.212008204 0.217539934 0.388464168 0.435079868 0.497234135 3.418484679 0.233078501 0.202001367 0.404002735 0.792466903
0.645716746 0.172191132 0.645716746 6.930693069 0.43047783 0.688764529 0.344382264 0.774860095 0.172191132 3.013344813 0.086095566 0.473525613 0.947051227 22.55703831 0.904003444 1.205337925 1.205337925 1.635815755 0 0.129143349 0.172191132 1.764959105 2.023245803 2.841153681 1.851054671 0.301334481 0.258286698 0.731812312 0.516573396 2.927249247 0.301334481 0.172191132 0.904003444 1.205337925
0.337837838 0.033783784 0.236486486 3.344594595 0.439189189 0.878378378 0.439189189 0.304054054 0.641891892 2.804054054 0.101351351 0.405405405 0.608108108 0.743243243 16.89189189 0.641891892 0.641891892 1.655405405 0.101351351 0.033783784 0.135135135 1.959459459 1.554054054 2.297297297 1.317567568 0.608108108 0.168918919 0.371621622 0.675675676 3.175675676 0.101351351 0.337837838 0.709459459 0.743243243
0.175849941 0.146541618 0.468933177 4.19109027 0.674091442 0.615474795 0.703399766 0.556858148 0.322391559 2.784290739 0 0.234466589 1.406799531 0.967174678 0.996483001 17.58499414 1.143024619 1.582649472 0 0.117233294 0.205158265 2.198124267 1.758499414 1.72919109 1.31887456 0.762016413 0.263774912 0.293083236 0.381008206 3.194607268 0.293083236 0.322391559 0.527549824 0.849941383
0.242871021 0.085719184 1.071489799 2.82873307 0.471455512 0.900051432 0.285730613 0.685753472 0.300017144 2.81444654 0.100005715 0.571461226 1.200068575 0.485742042 1.271501229 0.85719184 12.97216984 2.128693068 0.014286531 0.142865307 0.21429796 2.071546946 2.414423681 1.842962455 1.571518372 0.64289388 0.757186125 0.571461226 1.285787759 3.128750214 0.21429796 0.414309389 0.700040002 1.128635922
0.303483052 0.093379401 0.163413951 2.708002615 0.560276403 0.700345504 0.490241853 0.303483052 0.303483052 2.007657111 0.163413951 0.513586703 1.634139509 0.490241853 0.630310953 0.817069754 1.120552806 14.05359978 0.02334485 0.02334485 0.186758801 1.143897656 1.610794659 1.190587356 0.933794005 0.210103651 0.606966103 0.233448501 1.003828555 3.104865067 0.420207302 0.256793351 0.606966103 0.887104305
0.722543353 0 0 2.408477842 0.722543353 0 0.481695568 1.204238921 0.240847784 2.649325626 0 0.240847784 1.204238921 0 2.89017341 0.481695568 0.963391137 1.445086705 5.780346821 0.240847784 0.481695568 1.204238921 1.445086705 1.445086705 1.204238921 0.481695568 0.481695568 0.481695568 1.445086705 2.167630058 1.445086705 0 0.240847784 1.685934489
0.229603551 0.076534517 0.918414205 3.061380683 0.306138068 1.607224858 1.454155824 0.459207102 0.306138068 1.683759375 0.382672585 0.459207102 1.377621307 0.229603551 0.994948722 1.607224858 0.765345171 2.066431961 0.153069034 7.270779121 0.153069034 1.83682841 1.30108679 1.530690341 2.60217358 0.535741619 0.306138068 0.076534517 0.765345171 3.90326037 0.229603551 0.382672585 0.688810654 1.224552273
0 0 0 4.143646409 1.38121547 0 0 0 0 5.524861878 0 0 1.38121547 0 4.143646409 1.38121547 1.38121547 4.143646409 0 0 2.762430939 0 2.762430939 2.762430939 2.762430939 0 0 1.38121547 1.38121547 6.906077348 1.38121547 0 0 6.906077348
0 0 0 0 1.533742331 0 1.533742331 0 1.533742331 0 1.533742331 0 0 0 0 0 0 0 0 0 0 15.33742331 3.067484663 9.202453988 3.067484663 1.533742331 0 0 0 3.067484663 0 0 1.533742331 1.533742331
0.175939725 0.134542143 0.734807087 3.156565657 0.558867362 1.159132307 0.558867362 0.51746978 0.413975824 4.263950985 0.134542143 0.496770989 1.707650273 0.61061434 0.827951648 0.838301043 2.163023679 1.873240603 0.010349396 0.175939725 0.217337308 1.717999669 14.25111773 1.624855108 1.428216592 0.424325219 1.966385163 0.331180659 0.683060109 3.104818679 0.248385494 0.103493956 0.527819175 1.148782911
0 0 1.287553648 10.72961373 0 1.716738197 0.429184549 0.429184549 0.429184549 7.725321888 0 1.287553648 0.429184549 0.429184549 0 0.858369099 1.716738197 2.575107296 0 0.429184549 0.429184549 2.145922747 3.862660944 21.03004292 0 0 1.287553648 0.429184549 1.287553648 4.721030043 0.429184549 0.429184549 3.433476395 3.004291845
0.06592827 0.19778481 0.46149789 2.703059072 0.52742616 0.46149789 0.72521097 0.46149789 0.06592827 1.977848101 0.06592827 0.13185654 0.857067511 0.59335443 0.857067511 1.054852321 1.252637131 1.318565401 0 0.13185654 0.32964135 1.186708861 1.450421941 0.988924051 19.51476793 0.857067511 0.39556962 0.26371308 0.39556962 2.175632911 0.26371308 0 0.59335443 1.120780591
0.116090086 0 0.232180172 3.308567448 0.464360344 0.522405387 0.464360344 0.348270258 0.174135129 2.147666589 0.290225215 0.290225215 0.696540515 0.696540515 0.98676573 0.812630601 1.102855816 1.102855816 0.058045043 0 0.116090086 1.625261203 0.812630601 1.102855816 1.160900859 11.84118876 0.928720687 0.290225215 0.812630601 3.598792663 0.348270258 0.232180172 0.290225215 0.696540515
0.080840744 0.161681487 0.323362975 1.94017785 0.444624091 0.242522231 0.363783347 0.565885206 0.161681487 1.697655618 0.080840744 0.485044462 1.212611156 0.687146322 0.808407437 0.808407437 1.2934519 1.333872272 0.040420372 0.040420372 0.121261116 1.333872272 2.101859337 1.495553759 0.889248181 0.485044462 11.80274859 0.161681487 0.485044462 2.465642684 0.121261116 0.040420372 0.323362975 0.282942603
0.180635838 0.090317919 0.451589595 2.438583815 1.445086705 0.270953757 0.541907514 0.090317919 0.090317919 2.348265896 0.090317919 0.090317919 0.903179191 0.361271676 0.903179191 0.903179191 0.812861272 1.445086705 0.090317919 0 0.090317919 1.806358382 0.903179191 1.174132948 1.896676301 0.361271676 0.361271676 11.19942197 0.632225434 1.896676301 0.361271676 0.180635838 0.270953757 1.083815029
0.138178803 0.069089402 0.379991709 2.418129059 0.656349316 0.621804615 0.656349316 0.759983419 0.276357607 2.590852563 0.41453641 0.621804615 1.001796324 0.483625812 0.898162222 0.759983419 0.759983419 2.279950256 0.069089402 0.069089402 0.241812906 1.485422136 1.070885726 1.450877435 1.174519829 0.172723504 0.172723504 0.276357607 17.75597623 3.109023076 0.759983419 0.241812906 0.759983419 1.761779743
0.438305534 0.153999242 1.172763457 4.169825625 0.604150872 0.675227445 0.971379833 1.018764215 0.687073541 2.9141395 0.189537528 1.433377559 2.096758908 0.687073541 0.841072782 0.959533738 1.137225171 2.416603487 0.023692191 0.153999242 0.236921911 1.445223654 3.103677028 1.528146323 1.871683093 0.604150872 0.604150872 0.414613343 0.959533738 13.62300986 0.319844579 0.307998484 0.758150114 1.160917362
0.111756817 0.111756817 1.117568172 2.34689316 0.335270451 0.447027269 0.223513634 0.894054537 0.335270451 1.899865892 0.447027269 1.117568172 1.341081806 0 0.78229772 0.670540903 0.335270451 1.788109075 0 0 0 1.005811354 0.670540903 1.788109075 0.670540903 0.223513634 0.558784086 0.111756817 2.34689316 2.793920429 7.711220384 0.223513634 0.335270451 0.447027269
0.474083439 0.948166877 0.474083439 4.108723135 0.948166877 0.948166877 0.790139064 0 0.790139064 5.689001264 0.158027813 0.316055626 1.422250316 1.10619469 1.264222503 0.632111252 0.948166877 1.422250316 0 0.316055626 0.158027813 2.054361568 1.580278129 3.160556258 1.896333755 1.10619469 0.316055626 0.632111252 0.632111252 1.896333755 0.316055626 14.53855879 0.316055626 1.896333755
0 0 0 9.604651163 0 4.651162791 0 0 2.325581395 4.651162791 0 0 0 2.325581395 0 2.325581395 0 3.976744186 0 0 0 2.325581395 0 7.953488372 2.325581395 0 0 0 0 2.325581395 0 0 9.302325581 0
0.440493353 0.0800897 1.061188531 3.223610444 2.482780714 0.520583053 0.420470927 0.620695179 0.400448502 2.182444338 0.140156976 0.260291527 0.981098831 0.740829729 0.86096428 0.760852154 0.82091943 1.221367932 0.020022425 0.100112126 0.400448502 1.441614608 1.161300657 1.461637033 2.062309787 0.240269101 0.380426077 0.420470927 1.481659459 3.283677719 0.320358802 0.220246676 0.660740029 16.51850072
